gold_index,Parent,Reply,Dialogue_act,pred_label
4,"Just to clarify, ""national debt"", and the panic surrounding it are out of proportion. That number doesn't mean a whole lot in the grand scheme of things with the way the world economy works today.","I agree to an extent, but debt isn't something you can just ignore, especially if your asking for an expansion the size OP wants.",disagree,disagree
6,"I want to preface this by saying that this is what I've found out from looking around for a few minutes about Reddit policy, so anyone with any corrections please educate me.

As we all know, there are certain subreddits out there dedicated to hatred.  Racist, bigoted, I'm not going to name names but they are disgusting places to be on the web.

The reason why they are allowed to exist is a good one, free speech.  We allow groups like the KKK and Westboro to exist in real life because despite them being awful people with awful ideas, we value the right of anyone to say anything at any given time.

The difference, however, is in the consequences.  In real life, when Westboro gathers to picket a funeral, good and decent people gather against them.  We shame them for being so hateful and use social pressure to show them how bad their ideas are.

The problem with Reddit, however, is that all these subreddits are moderated by people who are the MOST hateful and spiteful of anyone in the subreddits.  Good people can't speak out in overwhelming numbers to drown their hate speech like they can in real life.

Anyone who dares to speak against their shitty philosophies are banned.  This ensures that the bigots always outnumber the reasonable people in those subreddits and it gives hate a place to foster without being shamed as it should be.

Despite Reddit's admirable attempt at preserving free speech, the result is actually allowing hate groups to flourish when they would otherwise be stunted.

_____

&gt; *Hello, users of CMV! This is a footnote from your moderators. We'd just like to remind you of a couple of things. Firstly, please remember to* ***[read through our rules](http://www.reddit.com/r/changemyview/wiki/rules)***. *If you see a comment that has broken one, it is more effective to report it than downvote it. Speaking of which,* ***[downvotes don't change views](http://www.reddit.com/r/changemyview/wiki/guidelines#wiki_upvoting.2Fdownvoting)****! If you are thinking about submitting a CMV yourself, please have a look through our* ***[popular topics wiki](http://www.reddit.com/r/changemyview/wiki/populartopics)*** *first. Any questions or concerns? Feel free to* ***[message us](http://www.reddit.com/message/compose?to=/r/changemyview)***. *Happy CMVing!*","""Anyone who dares to speak against their shitty philosophies are banned.""


So SRS should be banned?",question,disagree
10,"&gt;Once again my view on this profit-oriented.

http://www.frbsf.org/economic-research/publications/economic-letter/2014/may/is-college-worth-it-education-tuition-wages/

Data don't lie.",It sure doesn't. That data illustrates my claim perfectly. Capitalizing on risks and failing until you succeed has a far greater margin. Far greater.,agree,disagree
18,"I am also interested in how ""natural rights"" are a better justification for others NOT stealing or murdering, than social contract.

As well as why OP tried to rule out ""utilitarian arguments""...","I think it's because they poke holes in OP's position. 

""CMV but you're not allowed to use these effective arguments""",statement,agree
22,"While that's a good *reason* to be angry, I doubt very much that many Brits know about this or pay attention to it. Even then, without being informed about US politics, it's hard to say with any authority whether it will have any affect on the UK or not. If you are informed on the event and on the political system then you're in a better position to understand what effect it will have on the world. But I don't feel that most Brits are in that position.","If your problem is with uninformed people that is fair, but that's no reason to bring nationality into it. An American can be uninformed, as can anyone of any nationality.",disagree,question
26,"Ah, like it says in ""Dust In The Wind."" Every line in that song is correct except for ""nothing lasts forever but the earth and sky."" Probably won't last forever either.


I believe that it doesn't matter what you do in life. Well, not in the big scheme of things anyway. Human endeavors such as developing a cure for cancer or ending world hunger are all very noble, but futile nonetheless. Maybe we'll get there someday, but does it matter? For now it seems like it does, but when our species dies out it won't. God probably doesn't exist and nobody gives a shit. ""You create your own meaning in life"" is wishful thinking, because your ""meaning"" ultimately doesn't really matter to anyone or anything but humanity at large, if that. And if it doesn't matter, it's not meaningful.


I'd love to be wrong on this one, so go ahead and change my view.
_____

&gt; *Hello, users of CMV! This is a footnote from your moderators. We'd just like to remind you of a couple of things. Firstly, please remember to* ***[read through our rules](http://www.reddit.com/r/changemyview/wiki/rules)***. *If you see a comment that has broken one, it is more effective to report it than downvote it. Speaking of which,* ***[downvotes don't change views](http://www.reddit.com/r/changemyview/wiki/guidelines#wiki_upvoting.2Fdownvoting)****! If you are thinking about submitting a CMV yourself, please have a look through our* ***[popular topics wiki](http://www.reddit.com/r/changemyview/wiki/populartopics)*** *first. Any questions or concerns? Feel free to* ***[message us](http://www.reddit.com/message/compose?to=/r/changemyview)***. *Happy CMVing!*","That's right, the world itself is meaningless, but your experience of it is meaningful. So, don't attach to the physical world, but make the best experience of it you can.",agree,agree
35,[Yes.](http://buttcoin.org/the-cargo-cult-of-bitcoin),...Well shit...,agree,statement
36,"this. Nobody owes you anything.  Since OP used his own interactions as examples in this thread, I dont feel bad for pointing it out.  But women have to be more guarded with their social interactions, especially with what I'd call strangers.

Is it considerate for them to tell you their feelings?  yes of course.

Should they be obligated to do so?  With the risk involved in a woman outright rejecting a dude, I'd say no.  They should do whatever they feel like they need to in order to protect themselves.  Some will tell you, and some will not.  

To claim that you're owed an explanation is pretty egotistical.  Its not all about you braj.",here lays the truth,agree,disagree
54,"That is a good point, which is why next time we play world police, we should avoid arming anyone we don't absolutely trust. We can learn from out mistakes.","But do we have good reason to believe that, as a country, we're qualified and competent enough to play world police without disastrous consequences?",question,question
56,"You wouldn't happen to be British, would you? PANTYDROP.",Why yes. Yes I am.,agree,statement
79,"As I move up in society (corporate jobs,education etc.), I've noticed more white people speaking in black ebonics to me. I'm sure most of its fun and games, because in America white people make fun of other white people and other races all the time (archer, trailer park boys, reno 911, etc.) As do black people, we're all people, but I guess when white people do it, it makes me self-conscious. Do I sound like I just got out the 'hood or plantation? lol I'm pretty sure I couldn't have even gotten an interview if I spoke like lil' Montrell up the street haha. A lot of my friends say women do it to flirt, or be cool. Is this the case? I'm not trying to make anyone feel guilty, just probing into the psyche of American minds. I'm just not sure how to respond, other than join in the fun of poking fun at stereotypes or just going introverted and running away like Napolean Dynamite... please CMV","It may be the [Chameleon effect](http://www.ncbi.nlm.nih.gov/pubmed/10402679) taking place. Aside from mimicking mannerisms, the chameleon effect also induces people to copy the other's accent.",statement,agree
85,My bad,kiss?,question,statement
87,"Regular night clubs like you describe are shit IMO.

Try finding a smaller venue that's more underground, and is there for providing great music, not people hooking up.

A small venue with an amazing dj playing deep house is literally my element, and I'm an introverted INTP. I'll dance from the second I step in that door, to the second I leave. I feel at home.",I love that!,agree,statement
96,"Hardly reckless? You seriously underestimate how much damage a 4000+ pound machine can do, even driving at 40 mph, which is a relatively low speed.

&gt;People have real lives and shit to do.

And I don't? Good to know.","If you're going the speed limit the majority of the time, you clearly don't have much to do.",disagree,disagree
100,The recordings thing was stupid I admit that. I just didn't know how else to describe it. Its the feeling that matters not the scenario.,"lol I DO get you. And it is definitely uncomfortable but I just think that the word ""creepy"" is inappropriate. Awkward, socially uncomfortable, bad etiquette.",disagree,agree
102,I've had to rev my engine multiple times to warn drivers that I'm there that would have just clipped me otherwise.,There is a horn for that ...,disagree,statement
108,Source? I've heard the opposite that day care is a hellhole of neglect and causes social disfunction.,Not that I disagree but do you have any sources on that?,question,disagree
110,"My exposure to dance (Dancers I know) would lead me to believe that a) Dance isn't an Art in the same way that say Theater/ Film is, or b) my school simply doesnt emphasize that side of dance (which in my mind is the reason to study art of any kind at a university level)

Film Majors and Theater Majors will spend the at least 2 semesters of Coursework on Theory, History, and Analysis. The dance majors I'm friends with say they don't have to do any of that.

Which is the core of my issue with dance as a major, I don't see the other side of dance. It's 100% possible that's just my school, and other programs are different. 

Assuming you (or someone on this thread) has studied dance, could you enlighten me to Technique, Theory, and history? Whats Dance's ""Metropolis"", ""Romeo and Juliet"". Whose Dance's Shakespeare or Orson Wells or Rembrandt? I'm genuinely interested, and largely ignorant to the art side of dance.","out of curiosity, what kind of dance do your friends do?",question,question
116,Depends on your definition of bad. My point was a student who gets low grades or in trouble a lot would have a way to blame the teacher. I have seen people refuse to do their work and sit doing nothing coming to the teacher a week later asking not all that politely why they are failing. There are some people who seem to think it that they are entitled to do whatever they want and still pass.,Do terrible students opions not matter? And I remind you they don't choose to be there.,disagree,disagree
120,[Pie can be art too.](http://imgur.com/yBMRa4g),full seriousness: submit this to /r/art or something.,agree,statement
123,Do you have a link to a study of some kind that proves this?,I don't feel like this needs a study behind it. You hear louder things better. The end.,disagree,disagree
125,So they would lash out declaring sexism like men are doing now?,"Exactly and nothing is being done. You can bet your ass when women speak up, it turns everyone else into the suspect.",agree,disagree
130,Your name had better not be a Game of Thrones spoiler.,"No, I'm just an advocate for gavelkind succession laws, even in fantasy worlds.  ;)",disagree,statement
133,"You say ""we"" a hell of a lot for some white person who has no experience being a black person",Ad hominem.,statement,agree
137,"&gt; I hold this belief because I feel as though this world will never be fully accepting of the LGBT community.

This is simply wrong. In Western Europe (or at least where I live) homophobia is almost non-existent and the few people that are homophobic speak in hushed tones as to not be shunned. Is the LGBT+ community completely accepted here? No, but it's getting there. Hating gays is not an innate human trait. 

I also think that diversity actively improves the world. A world where more and different experiences are possible is simply a better world. If you remove human homosexuality from the human race, you are removing positive experiences from it, just because some fuckwads can't play nice. If your view is that it is good to appease fuckwads, I don't think I can change it.",It is not that way in America. And in many other cultures you will be hung if you are gay.,disagree,agree
138,"the phrase 'man born in a woman's body' refers to the fact that sex (male/female) is biological while gender(man, woman, etc) are social constructs. As such, there are some who are born male, who identify more closely with women than with men. and vice versa.","You're not born into a social construct, though. That's why it's a social construct.",disagree,agree
144,"Yeah, waking up to 400 upvotes and an extra month of gold for having changed someone's views on a historically extremely marginalized group was nice. Especially considering I made that post at like 2:30 in the morning while playing FTL and trying to convince myself it was way past bed time :P",FTL is too difficult and repetitive to replay enough to unlock everything. CMV.,statement,statement
145,"The supreme court ruled that cops need either reasonable suspicion or probable cause to force someone to wait for a k9 unit, and how is that scarring psycological warfare?

Yes, the police aren't 100% perfect?  Should they be more careful, yes, are the small number of mistaken no knocks that have made the press evidence we live in a ""police state""?

If you can prove where the money came from you can get whatever was seized back.  Could you get your assets back in a police state?

Actually in around 2008 the NYT broke a story that the NSA had spliced into the core internet fiber.  You can look up the hardware they were using to collect data from those splices and read the manuals.  iirc it was mostly metadata stuff.

Well, yes, they look for pattern, like, how often does X person trade emails with person Y on a watchlist?  That's hardly sinister.","I wouldn't call it ""scarring psychological warfare"" but it absolutely does its job trying to show people that the cops have all the power.",disagree,question
150,"&gt; So many things are alive, and we don't care in the least if they die. What makes a fetus, particularly a fetus inside a woman who wishes not to be pregnant, so special?  

To play devil's advocate, couldn't this argument be used to defend infanticide.  Babies are alive.  But, they're not equal to full grown human beings.  Their brain isn't developed.  All they can really do is eat and shit.  

If we can argue that a fetus isn't really a person because its not fully developed, couldn't we also argue that babies aren't really people?  Is there a reason your argument can't be used to defend infanticide?","A fetus is like a simple circuit, electricity flows and the circuit is on. A baby is a computer. Still a circuit, but it now operates in a meaningful way.",disagree,disagree
152,"In many US states there is still a restriction on what type of alcohol you can buy on Sunday, if you are even allowed to buy alcohol at all. Sunday is just another day of the week, why is it just on sunday that this rule is enacted?

Also, why bother with just restricting certain types of alcohol? If I wanted to get drunk on a Sunday and no liquor is available I'm just going to buy a lot of beer. 

If it is for a religious purpose that is just silly. Who says that worship should has to be on a Sunday, and it seems to me that this law is harming non-christians who wish to purchase alcohol on a Sunday.",I'm In Washington.  This makes no sense to me.  Never heard of it unless you're from Utah or something,disagree,disagree
154,"People have already laid out these points, but I feel like understanding an unfamiliar perspective can sometimes be a simple matter of wording, so lemme give it a shot.

Race is real. Race is real like money, and national borders, and adoption, and the meaning of these squiggles I'm writing with--it's real because enough people collectively agreed that it was real and gave it importance. It isn't biologically or intrinsically real (even though we tried to find its 'location' so to speak) and it *shouldn't* matter, but thanks to the actions of the past (and present) it continues to be real. Racism makes no sense because these differences are based in our treatment of each other, our preference for one person or another, our limiting of people by their colour or nationality...not on something inherent. Racism treats people according to how we *think* they are as a category, not who they are as a person or a biological being.

These erroneous thoughts have consequences. I think we can agree that it would be foolish to say ""race has no biological basis, therefore slavery had nothing to do with dark skin."" Equally, these past actions continued to have effects with each passing generation. For example, we know that (regardless of race) people whose parents didn't go to college are themselves less likely to go to college. We know that people whose parents are poor will not inherit much money, and therefore have less assistance. We know that people whose parents were incarcerated are more likely to be incarcerated. So when your slave great grandparents couldn't own property and it was illegal to teach them to read...you're starting off a little behind everyone else.

But those are ripples of the past, and hopefully they'll catch up to the present, right? Once the differences of the past are smoothed out, perhaps some racism will diminish. However, people still discriminate based on race, even most of us think racism is bullshit. My grandpa wouldn't talk to me if I brought a black girlfriend home. There are literal neo-nazis out there in the world. My girlfriend is 3 times more likely to be raped than my sister, because my girlfriend is Native American. What I'm saying is that there are not only the effects of the past that people have to catch up to, but the stereotypes of the present that make it so that people are still hurt or disliked because of their colour. Are you doing it? I doubt it. Especially not on purpose, right? But if enough people out there are shitting on one group of people just because of their membership in a category that only exists because our ancestors were dumbasses...God, I want to even that playing field, don't you?","_

This is a plausible defense of holding both views at once - race as a biological construct does not exist, but racism as a social construct should be compensated.",agree,agree
155,"The OP is actually much more clever than you all are giving her credit for

OP has only made a comment about what happens IF Batman can escape the first fight - so any crazy-powerful superbeing wins but is not relevant to the discussion.

What we really need is some sort of Lovecraftian villain that would allow Batman to escape the first fight, but which would nevertheless gradually take over and *become* insurmountable (maybe zombies, in general, although tbh I don't know if they count)

That, or somebody who reincarnates as a more powerful being (Phoenix?) or who could just outlast Batman (Hulk / Wolverine, maybe)","_

I posted my description in another post on this thread but put the delta at the bottom of the post. I just wanted to make sure /u/deltabot saw this.",statement,agree
160,I don't think you understand the folly of assuming,I'm not assuming anything.  I'm speaking based on experience and on having read studies of the effects of racism.,disagree,agree
164,"Here's the thing that no one ever tells you about smoking: 

**Smoking is the best thing in the whole world**

No lies. It is the BEST thing. It creates a problem and it solves it. It is like winning the lottery fifteen times a day. 

I knew about heroin. I knew about cocaine. I knew heroin would feel like the best orgasm I've ever had times a thousand. I knew cocaine would make me feel sexier than god but also like, if I got in a fight with god, I would win. I knew X would make every weekend better so long as I had it. I stayed FAR FAR away from that shit. Good things are good until you don't have them and then life sucks beyond the telling of it. I had a handle on that. 

The only thing people told me about cigarettes was how much they sucked. Kissing a smoker was like licking an ashtray. They'll rob you blind. You'll die early. You'll smell bad. You'll talk through a hole in your throat. I watched them slowly march my father closer to death. Don't smoke.easy enough. 

Here's the problem: if cigarettes are so nasty and terrible you have nothing to worry about. Have one. Have another. You'd never be *stupid* enough to fall into that trap, right? You can be that magic unicorn that can just have one socially with your friends, right? After all, people who get hooked get hooked before they turn 18 and you're nineteen so you're past the cutoff? Plus you're so *smart*! You'd never do something as dumb as getting addicted to the dumbest, most loserish drug on the market, right?

It's never going to be you. Because smoking seems so innocuous. You know that 1/3 people who try heroin are addicted the first time out, but how can smoking, something so stupid, be so dangerous? It's just one cigarette.and the first time that's true! The first time you don't like it and it was as awful as you were expecting and you're completely disarmed for what's coming for you. 

Then it's a long weekend of drinking in college and your friends smoke and they keep going outside to do so and you get curious again or you want to be ""in"" and the first one did NOTHING do you have the second. Then the eighth. And then it's only on the weekends. And then it's only while you drink. And then you ""cut back"" and only smoke when your friends have them (and they ALWAYS have them). You kind of know, in the back of your head, that you want them but you'd have to be stupid (remember?) to fall in that pit. You're crazy smart and good at life and you know all the facts and you'd never be that kid. 

**Here's where it gets serious**: something terrible happens. You get broken up with, your dog gets hit by a car, you fail a class, something goes to hell in a hand basket. So you reward yourself with this self-destructive thing. Just for now. Just because this shitty thing has befallen you. So you go and buy some and you feel dirty doing it but feeling dirty is part and parcel with the shitty thing that happened. And you feel like an adult. And you feel like you're coping even though you're doing anything but. 

Cigarettes are the best part of your day. The feeling of wanting one and then getting one is straight up euphoria. In a world of turmoil and despair, they become your favorite life raft. They make everything better, they make everything that sucks immediately suck less. And that's why they are IMPOSSIBLE to quit. You know you're sinking, and you will do nothing. You'll suddenly come to the realization that you've become a smoker (how the fuck did that happen?) but you won't care. Because the best part of your day is this shitty, expensive, debilitating thing. It's like having a crush on someone who doesn't love you back or having a really arrogant best friend. You love them all the more for how much the situation sucks. 

At some point you realize you have to quit but you can't. Shitty things keep happening. Your job sucks, your relationship sucks, your classes suck. Finals are coming, your taxes are due, your friend is imploding in front of your face. Any stress, any little thing, becomes unbearable and you need that solution/problem in one to make it seem surmountable. You'll feel like your whole life is caving in and then you have a smoke and you're fine again. For twenty minutes. And twenty minutes is really all you need...for now. Until that time passes and you need it again. And in the back of your head you are RANTING at yourself about how dumb this is and how much you hate yourself for being this person but the pleasure, the relief, drowns it out. 

**You don't get it**. You can't. If you never went down the rabbit hole, it won't make sense to you. If you have gone down the rabbit hole, it won't really make sense either. But you will get why you do it to a certain extent. 

We **all** made the decision to never smoke. Some of us just fucked it up without meaning to. It was not all at once or with intention. It just happens. All the health facts and scary stories in the world won't change it. The thing that will change it is arming people with the foreknowledge that smoking is the best thing ever. That's what would have saved me. I've quit for two years and that's great, but I'm still not over it. It's still a thing for me. If you don't get it, be GLAD not arrogant. It could have easily been you. 

**Edit** Thank you for the gold! It means a lot.",I cried.,statement,disagree
168,You missed the point. The issue is one of expectations. Just because you're not barred from looking through someone's information doesn't mean you have permission to do so or that it's acceptable.,Except the entire point of Facebook is to share your information.,disagree,disagree
178,"""They"" is ambiguous.  It was just one cuntish officer who decided that the Imperials were taking no prisoners that day.  There are bad people on both sides, like the racist/nativist stormcloak supporters you find in Windhelm.","Yeah they Stormscloaks generally came across as incredible racial supremacists to me, which has thus far forced me to side with the Empire every time.",agree,agree
179,"Why does every aspect of a person's life need to be governed? 


People have the right to be inefficient if they choose.","And that's exactly why the rest need to be overall efficient !      
To keep the balance",disagree,disagree
181,I just don't get why you would want your steak well-done. It usually comes out dry or tough.,"Not exactly trying to change my view, are you?",question,statement
185,"It seems that your view of politics is very simplified. For UK politics even the right wing parties still have large left wing ideas, benefits, nhs etc. 

Also your last sentence about right wing politics being selfish should be views as pretty much all politicians are selfish and act for their benefit","I understand that I'm simplifying, obviously no-one is 'purely' right- or left-wing. But my view is that right-wing *ideas* are inherently selfish (not *necessarily* that right-wing people are selfish).",disagree,agree
186,Why would differing opinions on religion or politics be a deal-breaker?,"Some religions prohibit dating/marrying people of other religions. Also, some people with conservative religious views see people with liberal or secularist views as immoral and vice versa.",statement,statement
191,"I can relate to that.  I've been making an effort not to do that lately.

I learned how by posting to /r/conservative for a while.  They delete comments from an opposing view, but they aren't very smart and often don't recognize them.  I think it's interesting to disagree, and sometimes even insult, without them being aware of it.

edit:  Whoops!  Maybe they'll start watching for me on /r/conservative from now on.","Because /r/politics is a bastion of higher learning if i've ever seen one,",disagree,agree
198,"&gt; The piece of the equation that everyone is leaving out here is that in WWII, the Allies won the war. Had Germany/Japan won, the Hiroshima and Nagasaki bombers would have been prosecuted and likely executed, while the guy who is the subject of this article would have lived out his life in peace and quiet.
&gt; The winners make the rules.

Had Germany and Japan won, they would have had kangaroo courts give whatever absurd judgments they wanted. That's not a valid comparison.

Here's a valid comparison: how many Axis officers were tried for war crimes based on strategic bombing? The answer is none. It was not considered against the rules of war at the time.",Nor was genocide.,disagree,disagree
205,Why not just reward them to begin with and spare the suffering?,"&gt;reward

I dont think that word means what you think it means",disagree,disagree
217,"&gt; The radio spectrum itself (like land itself) is a public good, and most uses of it are zero-sum.

The radio spectrum (and land for that matter) is not a public good as it is rivalrous.

&gt; For that matter, how would the radio spectrum be parceled out in a voluntarist society?

The answer to this depends on the laws that develop. You can't really predict what will happen anymore than you can predict what cell phones will be like in 20 years (if they are even still widely used).

Some possibilities have been suggested though, but you still have to take them with a grain of salt. One is that the radio spectrum could be homesteaded. Thus if you start broadcasting on an unused frequency, you then gain a property right in that frequency in the area that your broadcasts meaningfully reach. Exact details, though, would depend on the emergent law.","&gt; The answer to this depends on the laws that develop. 

Isn't the whole point of voluntarism that you're not bound by a law if you didn't vote for it?",question,question
218,"I don't feel like my ability to detect racism is taken away by my tendency to treat everyone the same regardless of race.

I can still tell pretty easily when someone else is being racist, and I would not be opposed to letting them know about it. I'm not saying we should stop educating people about what is not acceptable. They do this in most schools nowadays, and should continue to do so.","Sorry, I didn't read the first post carefully, and I misunderstood what you meant by colorblindness.",statement,disagree
232,"We're not talking about random dates. That's not where ""nice guys"" have the problem. The problem is the situation of asking a friend or acquaintance out and then wanting absolutely nothing to do with them of rejected and blaming them for things.

That makes you an asshole",Maybe it's too painful for them to continue going on being friends with their crush? Why do you see this as being assholish behavior?,question,question
236,That first sentence expresses a nice sentiment. Can you direct me to the part of the Qu'ran in which it is included? Thank you.,It's from a letter Muhammad [sent.](http://www.cyberistan.org/islamic/charter1.html),statement,statement
238,"That just becomes an unnecessary expense for bars and other businesses of whom don't have bathroom attendants. Why not leave the bathrooms the way they are and have to worry a lot less about bathroom-conflict? And not have to pay extra in employment wages to have someone essentially ""guard"" the bathrooms because some people thought ""different gendered bathrooms are dumb"". 

I really don't see any argument in this thread so far to support that there is any benefit whatsoever to desegregating public bathrooms. All I've been reading essentially is that ""well it wont benefit anyone, it'll be a little annoying, but it wont be *that* bad"". What is this thread even.",If there is so much harassment going on in a night club that they can't dare have unisex bathrooms then this night club should ALREADY have bathroom attendants frankly.,disagree,disagree
240,"Racing games?

Using WASD for steering and having no way to apply variable acceleration really sucks.

Fighting games are similar.

Also how do wheels/hotas/fighting sticks figure into your view?","On the same note, moving your character with the analog stick of a controller is much more precise and fluid than wasd.",agree,disagree
242,"I am most concerned about the debate between the theories of libertarian free will and hard determinism, because I believe that this debate has philosophical consequences that should tend to be important to people, affecting moral responsibility and reactions of moral contempt and meritocracy. 

The closest numbered criteria that this could fall into would be number 2, meaning that you believe that the default position should be one or the other (I think, for example, that it is quite clear that hard determinism is clearly correct). 

However, I would assert that any philosophical question can be seen as having a 'true' answer (this answer could be that the question itself is logically inconsistent with the world), and people just seem to disagree on what that true answer is. So anything might be able to logically be put in that category, as long as you are able to say that the question itself is illogical.",Heisenberg's uncertainty principle highly goes against hard determinism and is far more support of volitional determinism.,disagree,agree
249,"In a realistic scenario all major cities in the US will not have 1 nuke coming towards it.  1 city will have 10+ nukes to ensure a hit.

Most humans will die, but life on earth will go on.",This is true.,agree,agree
259,"Source: http://www.niaaa.nih.gov/alcohol-health/overview-alcohol-consumption/alcohol-facts-and-statistics

Looks like I was wrong about that number though, it's 25% of users who binge drink. The number for AUD (Alcohol Use Disorder) is closer to 10%. 

Addiction is diagnosed as a ""Substance Use Disorder"" based on criteria established in the DSM-V, which was recently updated and they changed the criteria around quite a bit.",Cool thanks.,agree,disagree
261,"I just learned not to long ago that the Oxford comma, or when you apply a comma to the last word of a list. For example:

I am having a surprise party today: I need ice cream, balloons**,** and chairs. 

The oxford comma says that a comma should be where I bolded. However, I learned that some people are taught that they *don't* need to put a comma there, which would read as 

I am having a surprise party today: I need ice cream, balloons and chairs.



Why is this such a big deal? You can clearly understand what I am saying there. But what if the sentence made a tad less sense?


For example, I was eating a restaurant to too long ago and was looking at what flavor of wings they have. They had A, B, C.Y and Z. 

I was going to order two types, A and Y and Z. I assumed that Y and Z was a combination of two flavors. 


This is only but one anecdotal evidence for why I find the Oxford strictly better in almost every case. The only case where I believe it can be argued is in journalism where they can only use so many characters.


Also, [here's](http://i.imgur.com/rTEJkwH.jpg) a funny example of what I mean.","Sometime it improves the sentence, sometimes it doesn't.",disagree,agree
266,"Thank you!  I am seeking a debate on specifically the utility of racial profile.

Its like I am asking CMV on how I think apples are tasty, and everyone is saying I should try oranges.

Thank you for understanding.","It's only of utility if your crime rates across races are constant and known, otherwise it's highly exploitable, disruptive and ends up looking very much like systematic racism.",disagree,agree
269,"&gt;And your point about making a swastika pizza applies to the Pizza makers in my example. They didn't ""arbitrarily refuse to serve some members of the community"", they refused to cater to a certain type of event. It's like an atheist pizza maker refusing to cater a ""God hates sinner atheists"" event.

An atheist pizza maker is allowed to refuse an anti-atheist event because religion is a chosen affiliation, not an inherent trait.

In the case of the bakery refusing to participate in a wedding between gay people, they only refused to cater the event because of the demographics of the people involved. If a bakery refuses to serve all weddings, that would be fine, but to say that a gay wedding is a different type of event from a straight wedding is disingenuous.","Religion is hardly a pure choice, if you believe devoutly in the tenets of a particular faith you can hardly make a reasonable decision to just quit.",disagree,disagree
281,"I think this is the best answer out there- that it is one large down payment on the future of space travel, even if the tangible benefits right now are almost zero- which they are. _",I feel like your delta should belong to elephant bird,disagree,statement
282,"1. I didn't admit that they have that right, I simply said that that's not the point I'm making. Prove to me that not providing them with compensation and using their product is worse than not providing them with compensation and *not* using their product, especially considering the points I made in my original post.

2. For the hypothetical pirate in question, t does not have the value to them that the creator asks for, and thus the only way they're willing to enter a relationship with the creator is if it's such an ""unfair"" one.","[By the way, you still have yet to respond to this argument](http://www.reddit.com/r/changemyview/comments/1yhd8w/pirating_isnt_immoral_if_you_would_not_have/cfkrckb). Did you miss it?",question,agree
283,"I said ""I'm aware"".   I don't listen to kanye so this is based on a community gained knowledge.  However, I refuse to give his music a *personal* chance based on his personality.","Fair enough,  you're entitled to your own opinion.

 Though I believe you're limiting yourself musically if you hold the musician above his music.",disagree,agree
289,Your link indicates that 56% of Americans identify as Democrat or Republican.,"The key word is ""or""",disagree,disagree
298,"I'm very surprised at the lack of hard sources in this thread, given that research into this topic is widespread.  [This study clearly demonstrates that advertisements of products do not tell the entire picture.](http://www.ncbi.nlm.nih.gov/pmc/articles/PMC1783924/)

This [paper](http://www.ncbi.nlm.nih.gov/pmc/articles/PMC3278148/#b27-ptj3610669) reviews pros and cons.",This thread is about ethics and policy. You cannot do a study that says we as a country should or should not ban advertisements.,disagree,disagree
